cx: 430.13299560546875
cy: 239.22036743164062
depth_scale: 0.01
fx: 432.60687255859375
fy: 432.08575439453125
